100
23798728628
70933648720
122490655591
24529430654
19735152137
67356847826
23819050693
2000000000
63288037908
63231309314
22103399917
400000000
115078608978
40058508112
77313957623
90347224981
20
67396749281
400
55791831183
20125980322
40491606640
45984619200
16000000
6400000
64000000
76250824552
27489447848
75194889118
112554865548
123089332867
90303743847
7500000000
7000000000
28472283852
9000000
14545656902
12800000
1
10
104497514776
4954513515
81583385141
48237680103
50050351138
81331155826
108467508934
96931659825
80438050448
106384876244
66084608960
61283585046
68173263516
9215343303
61142774426
62065932439
24817465045
110114944129
18885413033
50770090644
19350783933
28230969814
103321967741
44950733641
103787570911
115437907654
84936769577
47544726645
79139148538
73907410081
113830746077
31701576968
43545945691
14706851153
58577467068
30767239583
74020439607
71121078819
24025692926
38017772577
13272096274
37554706769
27975064930
98129330332
115647916325
34164807129
111236193757
32462918233
98839047306
122952908278
50018193363
73455529033
84420022915
41075104711
1280000000
14641239283
107223096612
39219277337
15983010436
64000000